{
 "cells": [
  {
   "cell_type": "code",
   "execution_count": 18,
   "id": "6c2f6574",
   "metadata": {},
   "outputs": [
    {
     "name": "stdout",
     "output_type": "stream",
     "text": [
      "        CO2   STFc  STFs\n",
      "0   0.00632   4.98  24.0\n",
      "1   0.02731   9.14  21.6\n",
      "2   0.02729   4.03  34.7\n",
      "3   0.03237   2.94  33.4\n",
      "4   0.06905   5.33  36.2\n",
      "5   0.02985   5.21  28.7\n",
      "6   0.08829  12.43  22.9\n",
      "7   0.14455  19.15  27.1\n",
      "8   0.21124  29.93  16.5\n",
      "9   0.17004  17.10  18.9\n",
      "10  0.22489  20.45  15.0\n",
      "11  0.11747  13.27  18.9\n",
      "12  0.09378  15.71  21.7\n",
      "13  0.62976   8.26  20.4\n",
      "14  0.63796  10.26  18.2\n",
      "15  0.62739   8.47  19.9\n",
      "16  1.05393   6.58  23.1\n",
      "17  0.78420  14.67  17.5\n",
      "18  0.80271  11.69  20.2\n",
      "19  0.72580  11.28  18.2\n",
      "20  1.25179  21.02  13.6\n",
      "21  0.85204  13.83  19.6\n",
      "22  1.23247  18.72  15.2\n",
      "23  0.98843  19.88  14.5\n",
      "24  0.75026  16.30  15.6\n",
      "25  0.84054  16.51  13.9\n",
      "26  0.67191  14.81  16.6\n",
      "27  0.95577  17.28  14.8\n",
      "28  0.77299  12.80  18.4\n",
      "29  1.00245  11.98  21.0\n",
      "30  1.13081  22.60  12.7\n",
      "31  1.35472  13.04  14.5\n",
      "32  1.38799  27.71  13.2\n",
      "33  1.15172  18.35  13.1\n",
      "34  1.61282  20.34  13.5\n",
      "35  0.06417   9.68  18.9\n",
      "36  0.09744  11.41  20.0\n",
      "37  0.08014   8.77  21.0\n",
      "38  0.17505  10.13  24.7\n",
      "39  0.02763   4.32  30.8\n",
      "40  0.03359   1.98  34.9\n",
      "41  0.12744   4.84  26.6\n",
      "42  0.14150   5.81  25.3\n",
      "43  0.15936   7.44  24.7\n",
      "44  0.12269   9.55  21.2\n",
      "45  0.17142  10.21  19.3\n",
      "46  0.18836  14.15  20.0\n",
      "47  0.22927  18.80  16.6\n",
      "48  0.25387  30.81  14.4\n",
      "49  0.21977  16.20  19.4\n"
     ]
    }
   ],
   "source": [
    "import numpy as np\n",
    "import pandas as pd\n",
    "import os\n",
    "from pandas import read_csv\n",
    "\n",
    "column_names = ['CO2', 'ZN', 'INDUS', 'CHAS', 'NOX', 'RM', 'AGE', 'DIS', 'RAD', 'TAX', 'PTRATIO', 'B', 'STFc', 'STFs']\n",
    "\n",
    "data = read_csv('C:/Users/kolom/fuzzy_logic_example/notebooks/input.csv', header=None, delimiter=r\"\\s+\", \n",
    "                names=column_names, nrows=50)\n",
    "new_data_frame = data.drop(['ZN', 'INDUS', 'CHAS', 'NOX', 'RM', 'AGE', 'DIS', 'RAD', 'TAX', 'PTRATIO', 'B'], axis=1)\n",
    "print(new_data_frame)"
   ]
  },
  {
   "cell_type": "code",
   "execution_count": 19,
   "id": "b90e18c9",
   "metadata": {},
   "outputs": [
    {
     "name": "stdout",
     "output_type": "stream",
     "text": [
      "[0.00632, 0.02731, 0.02729, 0.03237, 0.06905, 0.02985, 0.08829, 0.14455, 0.21124, 0.17004, 0.22489, 0.11747, 0.09378, 0.62976, 0.63796, 0.62739, 1.05393, 0.7842, 0.80271, 0.7258, 1.25179, 0.85204, 1.23247, 0.98843, 0.75026, 0.84054, 0.67191, 0.95577, 0.77299, 1.00245, 1.13081, 1.35472, 1.38799, 1.15172, 1.61282, 0.06417, 0.09744, 0.08014, 0.17505, 0.02763, 0.03359, 0.12744, 0.1415, 0.15936, 0.12269, 0.17142, 0.18836, 0.22927, 0.25387, 0.21977] \n",
      " [4.98, 9.14, 4.03, 2.94, 5.33, 5.21, 12.43, 19.15, 29.93, 17.1, 20.45, 13.27, 15.71, 8.26, 10.26, 8.47, 6.58, 14.67, 11.69, 11.28, 21.02, 13.83, 18.72, 19.88, 16.3, 16.51, 14.81, 17.28, 12.8, 11.98, 22.6, 13.04, 27.71, 18.35, 20.34, 9.68, 11.41, 8.77, 10.13, 4.32, 1.98, 4.84, 5.81, 7.44, 9.55, 10.21, 14.15, 18.8, 30.81, 16.2] \n",
      " [24.0, 21.6, 34.7, 33.4, 36.2, 28.7, 22.9, 27.1, 16.5, 18.9, 15.0, 18.9, 21.7, 20.4, 18.2, 19.9, 23.1, 17.5, 20.2, 18.2, 13.6, 19.6, 15.2, 14.5, 15.6, 13.9, 16.6, 14.8, 18.4, 21.0, 12.7, 14.5, 13.2, 13.1, 13.5, 18.9, 20.0, 21.0, 24.7, 30.8, 34.9, 26.6, 25.3, 24.7, 21.2, 19.3, 20.0, 16.6, 14.4, 19.4] \n",
      "\n"
     ]
    }
   ],
   "source": [
    "crim = new_data_frame['CO2'].values.tolist()\n",
    "lstat = new_data_frame['STFc'].values.tolist()\n",
    "medv = new_data_frame['STFs'].values.tolist()\n",
    "print(crim, \"\\n\", lstat, \"\\n\", medv, \"\\n\")"
   ]
  },
  {
   "cell_type": "code",
   "execution_count": 20,
   "id": "85eea14b",
   "metadata": {},
   "outputs": [
    {
     "name": "stdout",
     "output_type": "stream",
     "text": [
      "[0.04, 0.17, 0.17, 0.2, 0.43, 0.19, 0.55, 0.9, 1.31, 1.05, 1.39, 0.73, 0.58, 3.9, 3.96, 3.89, 6.53, 4.86, 4.98, 4.5, 7.76, 5.28, 7.64, 6.13, 4.65, 5.21, 4.17, 5.93, 4.79, 6.22, 7.01, 8.4, 8.61, 7.14, 10.0, 0.4, 0.6, 0.5, 1.09, 0.17, 0.21, 0.79, 0.88, 0.99, 0.76, 1.06, 1.17, 1.42, 1.57, 1.36]\n",
      "1.61282 30.81 36.2\n"
     ]
    }
   ],
   "source": [
    "max_crim, max_lstat, max_medv = max(crim), max(lstat), max(medv)\n",
    "one_procent_crim = max_crim/100\n",
    "one_procent_lstat = max_lstat/100\n",
    "one_procent_medv = max_crim/100\n",
    "norm_crim = [round((item/one_procent_crim)*0.1, 2) for item in crim]\n",
    "print(norm_crim)\n",
    "print(max_crim, max_lstat, max_medv)"
   ]
  },
  {
   "cell_type": "code",
   "execution_count": 21,
   "id": "415832d1",
   "metadata": {},
   "outputs": [
    {
     "name": "stdout",
     "output_type": "stream",
     "text": [
      "[0.0, 0.02, 0.02, 0.02, 0.04, 0.02, 0.05, 0.09, 0.13, 0.11, 0.14, 0.07, 0.06, 0.39, 0.4, 0.39, 0.65, 0.49, 0.5, 0.45, 0.78, 0.53, 0.76, 0.61, 0.47, 0.52, 0.42, 0.59, 0.48, 0.62, 0.7, 0.84, 0.86, 0.71, 1.0, 0.04, 0.06, 0.05, 0.11, 0.02, 0.02, 0.08, 0.09, 0.1, 0.08, 0.11, 0.12, 0.14, 0.16, 0.14] \n",
      " \n",
      " [0.16, 0.3, 0.13, 0.1, 0.17, 0.17, 0.4, 0.62, 0.97, 0.56, 0.66, 0.43, 0.51, 0.27, 0.33, 0.27, 0.21, 0.48, 0.38, 0.37, 0.68, 0.45, 0.61, 0.65, 0.53, 0.54, 0.48, 0.56, 0.42, 0.39, 0.73, 0.42, 0.9, 0.6, 0.66, 0.31, 0.37, 0.28, 0.33, 0.14, 0.06, 0.16, 0.19, 0.24, 0.31, 0.33, 0.46, 0.61, 1.0, 0.53] \n",
      " \n",
      " [0.66, 0.6, 0.96, 0.92, 1.0, 0.79, 0.63, 0.75, 0.46, 0.52, 0.41, 0.52, 0.6, 0.56, 0.5, 0.55, 0.64, 0.48, 0.56, 0.5, 0.38, 0.54, 0.42, 0.4, 0.43, 0.38, 0.46, 0.41, 0.51, 0.58, 0.35, 0.4, 0.36, 0.36, 0.37, 0.52, 0.55, 0.58, 0.68, 0.85, 0.96, 0.73, 0.7, 0.68, 0.59, 0.53, 0.55, 0.46, 0.4, 0.54]\n"
     ]
    }
   ],
   "source": [
    "norm_crim, norm_lstat, norm_medv = [round(item/max_crim, 2) for item in crim], [round(item/max_lstat, 2) for item in lstat], [round(item/max_medv, 2) for item in medv]\n",
    "print(norm_crim, \"\\n \\n\", norm_lstat,\"\\n \\n\", norm_medv)"
   ]
  },
  {
   "cell_type": "code",
   "execution_count": 22,
   "id": "35120eea",
   "metadata": {},
   "outputs": [],
   "source": [
    "d = {'CO2': norm_crim, 'STFc': norm_medv, 'STFs': norm_lstat}\n",
    "df = pd.DataFrame(data=d)\n",
    "df.to_excel('C:/Users/kolom/fuzzy_logic_example/notebooks/normilizes.xlsx', index=False)"
   ]
  },
  {
   "cell_type": "code",
   "execution_count": null,
   "id": "9da2cd5f",
   "metadata": {},
   "outputs": [],
   "source": []
  },
  {
   "cell_type": "code",
   "execution_count": null,
   "id": "bb66678d",
   "metadata": {},
   "outputs": [],
   "source": []
  }
 ],
 "metadata": {
  "kernelspec": {
   "display_name": "Python 3 (ipykernel)",
   "language": "python",
   "name": "python3"
  },
  "language_info": {
   "codemirror_mode": {
    "name": "ipython",
    "version": 3
   },
   "file_extension": ".py",
   "mimetype": "text/x-python",
   "name": "python",
   "nbconvert_exporter": "python",
   "pygments_lexer": "ipython3",
   "version": "3.10.5"
  }
 },
 "nbformat": 4,
 "nbformat_minor": 5
}
